Target: ./mine/build/PrimeSum4SegmentedSieve.exe
Timing: 5 runs, mean of best 3
Baselines: bench-baseline-powers.txt
exp  end            target_s     orig_s       opt_s        sp_opt  sp_tgt  ok  notes
---- -------------- ------------ ------------ ------------ ------- ------- --- -----
4    16             0.001148     0.001242     0.005906     0.21    1.08    yes
5    32             0.001116     0.001521     0.005734     0.27    1.36    yes
6    64             0.001104     0.001267     0.005911     0.21    1.15    yes
7    128            0.001066     0.001240     0.005487     0.23    1.16    yes
8    256            0.001022     0.001392     0.005221     0.27    1.36    yes
9    512            0.001049     0.001313     0.005909     0.22    1.25    yes
10   1024           0.001089     0.001386     0.005606     0.25    1.27    yes
11   2048           0.001078     0.001210     0.005317     0.23    1.12    yes
12   4096           0.001094     0.001338     0.005860     0.23    1.22    yes
13   8192           0.001085     0.001696     0.005760     0.29    1.56    yes
14   16384          0.001131     0.001570     0.005636     0.28    1.39    yes
15   32768          0.001108     0.001417     0.005645     0.25    1.28    yes
16   65536          0.001214     0.001505     0.005802     0.26    1.24    yes
17   131072         0.001311     0.001569     0.005805     0.27    1.20    yes
18   262144         0.001550     0.001513     0.005527     0.27    0.98    yes
19   524288         0.002059     0.002108     0.005348     0.39    1.02    yes
20   1048576        0.002980     0.002866     0.005387     0.53    0.96    yes
21   2097152        0.005102     0.004897     0.006161     0.79    0.96    yes
22   4194304        0.008627     0.011821     0.006265     1.89    1.37    yes
23   8388608        0.016183     0.020946     0.006871     3.05    1.29    yes
24   16777216       0.031329     0.023091     0.007188     3.21    0.74    yes
25   33554432       0.061159     0.024589     0.009191     2.68    0.40    yes
26   67108864       0.123016     0.031535     0.013196     2.39    0.26    yes
27   134217728      0.247132     0.059405     0.015611     3.81    0.24    yes
28   268435456      0.497046     0.134360     0.026721     5.03    0.27    yes
29   536870912      0.987381     0.258047     0.037673     6.85    0.26    yes
30   1073741824     2.007436     0.500037     0.070132     7.13    0.25    yes
31   2147483648     4.064576     0.993122     0.140886     7.05    0.24    yes
32   4294967296     8.333027     1.934339     0.297416     6.50    0.23    yes
33   8589934592     16.724443    3.886430     0.601741     6.46    0.23    yes
34   17179869184    34.062666    8.349567     1.203038     6.94    0.25    yes
35   34359738368    69.443820    15.857553    2.362122     6.71    0.23    MISMATCH


Notes:
  - sp_opt = orig/opt; sp_tgt = orig/target (higher = faster).
  - Regenerate baselines: ./bench-capture-baseline.sh
  - Sum error for ends >= 2^34. True sum overflows C's unsigned long long int limit.
